First-come first-served,,
"PID","Burst","Priority","Arrival","Start","Finish","Wait","Response","Turnaround"
101,92,1,29,29,120,0,0,92
102,88,5,79,121,208,42,42,130
103,91,2,139,209,299,70,70,161
104,82,1,155,300,381,145,145,227
105,90,0,203,382,471,179,179,269
106,73,2,261,472,544,211,211,284
107,61,7,307,545,605,238,238,299
108,63,7,334,606,668,272,272,335
109,88,9,379,669,756,290,290,378
110,83,1,415,757,839,342,342,425
111,89,5,425,840,928,415,415,504
112,93,8,448,929,1021,481,481,574
113,94,2,479,1022,1115,543,543,637
114,63,3,538,1116,1178,578,578,641
115,98,2,597,1179,1276,582,582,680
116,92,3,654,1277,1368,623,623,715
117,62,5,694,1369,1430,675,675,737
118,62,0,749,1431,1492,682,682,744
119,89,8,799,1493,1581,694,694,783
120,97,6,831,1582,1678,751,751,848
121,63,6,865,1679,1741,814,814,877
122,96,1,898,1742,1837,844,844,940
123,98,3,937,1838,1935,901,901,999
124,92,0,940,1936,2027,996,996,1088
125,68,0,1008,2028,2095,1020,1020,1088
126,98,8,1061,2096,2193,1035,1035,1133
127,80,5,1095,2194,2273,1099,1099,1179
128,67,0,1138,2274,2340,1136,1136,1203
129,83,5,1158,2341,2423,1183,1183,1266
130,64,5,1198,2424,2487,1226,1226,1290
131,84,4,1236,2488,2571,1252,1252,1336
132,61,3,1250,2572,2632,1322,1322,1383
133,95,7,1287,2633,2727,1346,1346,1441
134,70,7,1323,2728,2797,1405,1405,1475
135,58,1,1369,2798,2855,1429,1429,1487
136,75,3,1426,2856,2930,1430,1430,1505
137,61,1,1455,2931,2991,1476,1476,1537
138,95,9,1476,2992,3086,1516,1516,1611
139,93,0,1542,3087,3179,1545,1545,1638
140,99,0,1577,3180,3278,1603,1603,1702
141,92,9,1619,3279,3370,1660,1660,1752
142,66,6,1673,3371,3436,1698,1698,1764
143,73,8,1738,3437,3509,1699,1699,1772
144,66,0,1745,3510,3575,1765,1765,1831
145,80,3,1802,3576,3655,1774,1774,1854
146,87,9,1825,3656,3742,1831,1831,1918
147,74,4,1887,3743,3816,1856,1856,1930
148,78,9,1895,3817,3894,1922,1922,2000
149,58,0,1905,3895,3952,1990,1990,2048
150,93,3,1911,3953,4045,2042,2042,2135
,,,,,,,,
,,,,,Min,0,0,92
,,,,,Mean,1012.56,1012.56,1092.90
,,,,,Max,2042,2042,2135
,,,,,StdDev,1453.49,1453.49,1452.64
