First-come first-served,,
"PID","Burst","Priority","Arrival","Start","Finish","Wait","Response","Turnaround"
101,39,8,6,6,44,0,0,39
102,13,4,54,54,66,0,0,13
103,55,7,123,123,177,0,0,55
104,59,9,172,178,236,6,6,65
105,13,8,224,237,249,13,13,26
106,39,4,240,250,288,10,10,49
107,35,8,296,296,330,0,0,35
108,46,5,298,331,376,33,33,79
109,49,2,354,377,425,23,23,72
110,35,3,359,426,460,67,67,102
111,16,1,410,461,476,51,51,67
112,38,4,419,477,514,58,58,96
113,47,6,425,515,561,90,90,137
114,63,1,442,562,624,120,120,183
115,44,2,487,625,668,138,138,182
116,47,1,536,669,715,133,133,180
117,34,9,536,716,749,180,180,214
118,17,0,579,750,766,171,171,188
119,19,0,633,767,785,134,134,153
120,44,2,700,786,829,86,86,130
121,18,4,760,830,847,70,70,88
122,52,7,771,848,899,77,77,129
123,39,8,827,900,938,73,73,112
124,22,0,887,939,960,52,52,74
125,43,9,928,961,1003,33,33,76
126,23,3,954,1004,1026,50,50,73
127,64,0,961,1027,1090,66,66,130
128,37,3,1023,1091,1127,68,68,105
129,54,1,1062,1128,1181,66,66,120
130,49,4,1079,1182,1230,103,103,152
131,19,2,1135,1231,1249,96,96,115
132,47,7,1185,1250,1296,65,65,112
133,45,0,1245,1297,1341,52,52,97
134,75,7,1257,1342,1416,85,85,160
135,48,0,1264,1417,1464,153,153,201
136,53,2,1305,1465,1517,160,160,213
137,53,8,1353,1518,1570,165,165,218
138,51,2,1408,1571,1621,163,163,214
139,27,7,1408,1622,1648,214,214,241
140,28,2,1469,1649,1676,180,180,208
141,75,2,1537,1677,1751,140,140,215
142,52,9,1539,1752,1803,213,213,265
143,41,5,1565,1804,1844,239,239,280
144,45,3,1629,1845,1889,216,216,261
145,39,7,1665,1890,1928,225,225,264
146,41,4,1672,1929,1969,257,257,298
147,1,9,1679,1970,1970,291,291,292
148,25,2,1728,1971,1995,243,243,268
149,40,0,1796,1996,2035,200,200,240
150,28,7,1797,2036,2063,239,239,267
,,,,,,,,
,,,,,Min,0,0,13
,,,,,Mean,111.34,111.34,151.06
,,,,,Max,291,291,298
,,,,,StdDev,80.28,80.28,80.13
